2.120674071427370855e-01
2.566698743733464294e-01
3.368450049284696934e-01
3.258995540003797320e-01
3.241210669711327430e-01
3.583254706419685132e-01
2.785607762295261303e-01
2.889588397892997040e-01
3.241210669711327430e-01
3.138597458698819676e-01
2.410726746501299367e-01
1.656862441157684884e-01
9.385699640701372637e-02
1.058968045375114908e-01
1.424270826059104156e-01
6.895609032643146286e-02
8.947873252893279172e-02
1.484470910547155409e-01
1.413327254035026126e-01
1.812834438389849812e-01
2.276646068659538003e-01
2.276646068659538003e-01
1.699275567682141386e-01
1.944178179390030348e-01
1.600766718096444663e-01
1.903132477450804050e-01
2.262963472122754283e-01
2.449035511598944836e-01
2.918321015551794684e-01
3.012723416039555513e-01
2.715829442697237361e-01
2.851279632795351571e-01
2.800657783417273006e-01
3.208373690625718755e-01
3.440963218053176842e-01
3.016829865137491407e-01
3.554522088760887488e-01
3.833629104139613109e-01
4.149679547701874416e-01
3.977288017091347161e-01
3.821316019859180013e-01
3.636613492639340084e-01
4.346695159202147440e-01
4.423314777068563242e-01
5.129292082204555125e-01
4.992474467521212933e-01
4.787248045496201865e-01
5.624573266974619568e-01
5.580790628193812442e-01
5.517855694535300781e-01
5.452181736364087872e-01
5.459023034632479732e-01
6.050076132146660068e-01
5.947462921134152314e-01
6.441374593647866131e-01
6.590505292611636978e-01
6.568613973221235636e-01
6.776577332087827532e-01
6.721849033611817514e-01
6.362020126610989923e-01
5.821590966146013013e-01
5.775071390523625059e-01
5.816117092462851357e-01
6.158161129171204617e-01
5.281159718009911241e-01
4.974689597228743043e-01
4.636749921947196373e-01
4.405527819104968490e-01
4.506773605532246041e-01
4.212614481360386076e-01
4.037488101579398414e-01
4.233138376165561656e-01
4.027911954140546147e-01
4.426049626239019208e-01
5.255164037192698867e-01
3.943083613420512723e-01
4.144205674018712759e-01
3.741961552822308246e-01
3.513476386821661190e-01
4.030646803311006554e-01
4.361745180324161364e-01
3.926666167713268596e-01
3.792585489871507232e-01
3.476535046309241483e-01
3.523054621931633879e-01
3.658502724358625446e-01
3.395813154687139512e-01
2.388835427110893583e-01
1.803256203279877123e-01
2.384731065684084772e-01
2.884116611880958025e-01
2.925160226149061682e-01
2.792446972892530521e-01
2.061841411524549805e-01
2.106991474890589355e-01
1.909973775719195910e-01
1.822410585828702079e-01
2.458613746708917525e-01
1.827884459511863735e-01
2.379259279672043537e-01
2.562594382306653262e-01
2.577644403428667186e-01
2.513339957513804901e-01
3.044192970539933984e-01
3.342454368467480119e-01
3.737857191395497214e-01
3.328773859601821261e-01
2.706253295258387315e-01
4.203038333921533809e-01
3.874674806078839406e-01
3.506635088553269330e-01
2.737720762087643145e-01
1.896293266853534831e-01
1.827884459511863735e-01
1.901765052865573846e-01
1.981119519902447834e-01
1.347653295863813216e-01
2.989464672063923967e-01
3.376658772138318998e-01
3.182378009808506381e-01
3.423176260089586531e-01
3.252154241735405460e-01
3.516213323663242019e-01
3.594198278443763162e-01
3.145436669296091114e-01
3.442330642638407046e-01
3.564100323870860176e-01
3.159119265832870393e-01
2.626898828221515547e-01
2.209604685903094889e-01
3.148173606137671943e-01
3.186482371235317412e-01
3.118073563893644096e-01
2.956629780649440153e-01
2.447668087013714633e-01
2.178137219073841280e-01
2.412094171086527350e-01
2.345054876001209099e-01
2.663840168733930813e-01
2.797920846575692178e-01
2.488713788952943151e-01
1.570666675852419036e-01
1.298398871070964855e-01
1.005609259155455515e-01
9.960331117166054682e-02
1.427007762900684984e-01
9.864548766066327801e-02
9.358330272285564355e-02
6.854565418375035968e-02
1.395545515249230206e-02
6.279933941910353923e-02
6.717739453007198769e-02
6.841298268391859949e-04
1.833361464701721566e-02
0.000000000000000000e+00
6.293608187762633754e-02
7.018739875447455034e-02
7.812284545816194914e-02
1.158846407217162255e-01
1.147900747521961584e-01
1.332603274741799293e-01
1.494049145657128097e-01
1.394172871486201171e-01
1.402381594339823234e-01
1.758106139913839794e-01
2.201395963049475046e-01
2.395676725379285443e-01
2.304009174061980580e-01
2.591326999965448685e-01
2.860855780234201617e-01
2.459981171294147728e-01
2.636474975660365594e-01
2.792446972892530521e-01
3.529895920200025738e-01
4.033383740152587382e-01
3.654398362931814415e-01
4.053905547286638100e-01
3.680394043749026789e-01
3.536735130797292737e-01
3.555889513346117692e-01
3.944453125676863348e-01
3.855520423530014451e-01
4.146942610860293588e-01
3.925298743128038392e-01
3.766589809054294857e-01
3.209741115210948958e-01
3.268573775113770008e-01
3.335613070199088259e-01
2.967575440344643045e-01
3.133123585015658019e-01
3.063347353088758940e-01
2.776029527185288615e-01
2.858120931063743431e-01
3.558626450187698520e-01
3.941716188835282519e-01
3.636613492639340084e-01
3.810370360163977121e-01
3.498426365699647267e-01
3.212478052052529787e-01
3.482008919992407581e-01
3.772061595066331652e-01
3.826789893542341670e-01
4.218088355043547732e-01
4.101792547494256258e-01
4.430153987665830240e-01
4.687371771325274938e-01
4.488986647568651289e-01
4.639484771117656781e-01
4.820085024581806099e-01
4.550554156641932746e-01
4.464358391336664678e-01
4.891230768765060244e-01
5.108770275070504407e-01
5.456286097790898904e-01
5.630045052986660803e-01
5.556164459632946251e-01
5.300314100558736197e-01
5.423451206376415090e-01
5.063620211704467078e-01
4.895335130191871276e-01
4.799563217447755381e-01
5.546586224522973563e-01
5.498701311986480267e-01
5.501436161156936233e-01
5.671090754925887101e-01
5.829799688999635077e-01
5.695716923486748851e-01
5.472705631169263452e-01
5.515118757693719953e-01
5.301683612815086821e-01
5.300314100558736197e-01
5.936517261438949422e-01
6.110274128963586460e-01
6.097961044683157805e-01
5.954302131731423753e-01
5.805171432767648465e-01
5.578053691352231613e-01
6.642496654246066168e-01
6.632918419136093480e-01
6.396224530281828802e-01
6.641127141989715543e-01
6.667122822806932358e-01
6.505679039562723975e-01
6.437270232221055100e-01
6.437270232221055100e-01
6.522096485269968102e-01
6.844986139429500849e-01
6.860036160551514772e-01
6.728690331880209374e-01
6.367491912623031158e-01
6.405800677720676628e-01
6.563142187209194400e-01
6.896975413392809617e-01
7.152825772467019672e-01
7.145984474198627812e-01
7.534545998858253046e-01
7.652209230992774724e-01
7.464769766931353967e-01
7.414147917553275402e-01
7.223971516650273816e-01
7.600219957029465956e-01
7.653578743249125349e-01
8.040770755652395518e-01
7.975098885152307471e-01
8.062662075042801302e-01
8.344506027263107750e-01
8.195375328299332462e-01
8.207688412579765558e-01
8.064031587299151926e-01
8.479956217361219739e-01
8.436173578580412613e-01
8.243262328506950620e-01
8.624982554898183995e-01
8.787795850398743003e-01
8.834313338350006095e-01
9.433575158717808495e-01
9.226981312107562783e-01
9.072376739460630279e-01
9.138048609960718327e-01
8.983444037313781383e-01
8.700232660508244731e-01
8.627719491739764823e-01
8.858941594581992707e-01
8.964289654764960869e-01
8.984813549570132007e-01
9.436312095559389324e-01
9.400738179632199820e-01
9.588179731364745439e-01
9.318648863424867645e-01
9.155835567924313079e-01
9.266657501790438456e-01
9.385688158510190338e-01
9.506088327486288403e-01
9.330961947705300741e-01
9.688056005535667925e-01
9.772882258584580928e-01
9.657955963291644519e-01
9.243398757814806910e-01
9.050485420070224496e-01
7.794500719359278573e-01
7.364893492760427041e-01
7.494869809175377373e-01
7.274593366028352381e-01
7.244493323784324534e-01
7.219865067552342364e-01
7.448352321224109840e-01
7.173347579601074830e-01
7.052949498296097186e-01
6.701327226477766796e-01
6.768368609234209909e-01
6.953071136454045398e-01
7.143247537357046983e-01
7.675467974968406271e-01
7.026953817478880371e-01
7.332056513674822806e-01
7.548228595395036766e-01
8.085920819018432848e-01
8.568886831836943774e-01
8.598986874080967180e-01
8.816528468057536205e-01
8.849363359472020019e-01
7.920372674347417874e-01
7.188397600723088754e-01
7.273223853772001757e-01
7.434669724687326120e-01
7.016008157783677479e-01
6.730059844136564440e-01
6.939390627588386540e-01
6.839512265746339192e-01
7.244493323784324534e-01
7.394993535004450447e-01
6.905186223917552102e-01
6.691748991367794108e-01
6.809412223502311345e-01
6.985908115539654073e-01
6.422220211099041176e-01
6.212887339976094214e-01
6.248461255903283718e-01
6.319607000086533422e-01
6.667122822806932358e-01
6.482418207915967567e-01
6.654809738526499263e-01
6.825831756880675893e-01
7.178821453284236487e-01
7.384047875309251996e-01
7.301956471430794959e-01
7.494869809175377373e-01
7.619374339578290911e-01
7.364893492760427041e-01
7.347106534796832289e-01
7.132301877661848533e-01
6.953071136454045398e-01
6.901081862490741070e-01
6.548092166087180477e-01
6.564509611794424604e-01
6.624709696282475857e-01
6.304556978964523939e-01
5.728553902572357526e-01
5.910521580621737048e-01
6.193732957427273700e-01
6.259406915598482168e-01
6.697222865050955765e-01
7.189767112979439379e-01
7.063893070320175216e-01
7.416882766723735809e-01
7.771241975383642586e-01
7.917635737505837046e-01
7.851963867005748998e-01
8.397864813482767143e-01
8.178957882592092776e-01
8.540156301849270992e-01
8.618141256629792135e-01
8.850732871728370643e-01
8.847995934886789815e-01
9.088794185167869966e-01
8.977972251301740148e-01
9.069639802619045010e-01
8.886304699984435285e-01
8.861676443752453114e-01
8.945135272216135913e-01
8.804213296105982689e-01
8.883567763142854457e-01
9.060063655180197184e-01
8.812422018959604753e-01
9.358325053107743319e-01
9.207826929558742268e-01
9.474620860657034793e-01
9.671638559828428239e-01
9.325488074022139084e-01
9.534820945145086046e-01
9.979478192865947062e-01
1.000000000000000222e+00
9.926119406646287668e-01
9.696264728389289989e-01
9.839923641341024041e-01
9.551238390852325733e-01
9.530714496047150153e-01
9.382953309339729930e-01
9.307703203729669195e-01
9.321383712595328053e-01
9.380216372498149102e-01
9.236557459546415050e-01
